2011 0.73 0.35 0.25 0.17 0.20 0.35 0.15 0.15 -0.01 0.02 -0.10 -0.06
2012 -0.09 -0.19 -0.41 -0.33 -0.11 0.07 0.02 0.19 0.34 0.35 0.44 0.26
2013 0.19 0.22 0.55 0.37 0.44 0.07 0.06 0.22 0.23 0.23 0.02 -0.02
2014 -0.12 -0.25 -0.50 -0.36 -0.27 -0.29 -0.13 -0.10 0.13 0.13 0.04 0.05
2015 -0.08 -0.06 -0.27 -0.40 -0.13 -0.31 -0.12 0.09 0.35 0.51 0.18 0.13
2016 0.25 0.28 0.24 0.17 0.18 0.15 0.10 0.15 0.01 0.12 0.15 0.23
2017 0.24 0.06 -0.03 0.31 0.38 0.35 0.32 0.33 0.15 0.03 0.22 0.25
2018 0.03 -0.27 -0.13 -0.33 -0.60 -0.72 -0.48 -0.32 -0.04 -0.13 -0.32 -0.33
2019 -0.17 -0.04 -0.15 -0.17 -0.08 0.06 0.09 0.09 0.20 0.01 -0.05 -0.04
2020 0.01 0.32 0.58 0.46 0.32 0.47 0.38 0.25 0.15 0.19 0.08 0.17
2021 0.27 0.23 -0.01 0.16 0.04 -0.10 -0.02 -0.07 0.16 0.03 0.11 0.16
2022 0.36 0.39 -0.07 -0.11 0.14 0.23 0.05 0.14 0.25 0.08 0.02 0.18
2023 0.23 0.04 0.49 0.62 0.83 1.17 1.14 1.02 1.06 0.89 0.78 0.88
2024 1.17 1.41 1.21 1.17 1.22 1.09 0.87 0.79 0.66 0.61 0.67 0.62
2025 0.66 0.41 0.25 0.06 0.12 0.11 0.32 0.42 0.35 0.31 0.47 0.25
