2011 0.12 0.32 0.38 0.18 -0.04 -0.11 0.02 0.00 0.09 0.06 -0.23 -0.74
2012 -0.66 -0.78 -0.43 -0.64 -0.38 -0.27 -0.29 -0.28 -0.13 -0.19 -0.16 -0.09
2013 0.05 -0.02 -0.09 0.04 0.13 -0.03 -0.03 0.05 -0.12 -0.18 -0.26 -0.16
2014 -0.23 -0.05 -0.13 -0.08 0.14 0.15 -0.09 0.05 0.11 -0.06 -0.50 -0.38
2015 0.10 0.15 -0.11 0.05 0.11 0.07 -0.19 -0.31 -0.19 0.06 0.19 0.44
2016 0.47 0.32 0.25 0.08 0.01 0.37 0.37 0.33 0.11 0.24 0.10 0.41
2017 0.25 -0.18 -0.06 0.09 0.12 0.26 0.10 0.39 0.12 0.19 0.02 -0.09
2018 0.29 -0.27 -0.18 -0.03 -0.07 0.15 0.12 0.21 0.21 0.31 0.21 0.40
2019 0.41 0.41 0.67 0.34 0.31 0.27 0.24 0.22 0.33 0.25 0.87 0.80
2020 0.95 0.57 0.31 0.41 0.53 0.29 0.29 0.30 0.09 0.17 -0.06 -0.38
2021 -0.12 -0.33 -0.21 0.06 0.41 0.58 0.86 0.72 0.43 0.42 0.32 0.00
2022 0.14 0.46 0.22 0.15 0.01 0.30 0.08 0.18 0.20 0.30 0.33 0.34
2023 0.49 0.28 0.14 0.19 0.44 0.26 0.28 0.30 0.25 0.19 0.73 1.05
2024 0.99 1.14 1.33 1.10 0.82 0.54 0.33 0.19 0.30 0.28 0.22 0.31
2025 0.32 0.33 0.08 0.11 0.17 0.11 0.11 0.07 0.13 0.00 0.02 0.17
